       322: (  0,  0,  0,  0) #00000000 none
         1: (  0,  0,111,  1) #00006F01 srgba(0,0,111,0.00392157)
         1: (  0, 85,161,255) #0055A1FF srgba(0,85,161,1)
        12: (  0, 86,162,255) #0056A2FF srgba(0,86,162,1)
         1: (  0, 86,162,166) #0056A2A6 srgba(0,86,162,0.65098)
         4: (  0, 87,162,255) #0057A2FF srgba(0,87,162,1)
         1: (  0, 87,162,  6) #0057A206 srgba(0,87,162,0.0235294)
         4: (  0, 87,163,255) #0057A3FF srgba(0,87,163,1)
         2: (  0, 87,163,  0) #0057A300 srgba(0,87,163,0)
       376: (  0, 88,163,255) #0058A3FF srgba(0,88,163,1)
        31: (  0, 88,163,  0) #0058A300 srgba(0,88,163,0)
        14: (  0, 88,163,182) #0058A3B6 srgba(0,88,163,0.713725)
        13: (  0, 88,163,  6) #0058A306 srgba(0,88,163,0.0235294)
        12: (  0, 88,163,  1) #0058A301 srgba(0,88,163,0.00392157)
        10: (  0, 88,163,166) #0058A3A6 srgba(0,88,163,0.65098)
         2: (  0, 88,163,254) #0058A3FE srgba(0,88,163,0.996078)
         1: (  0, 88,163,206) #0058A3CE srgba(0,88,163,0.807843)
         1: (  0, 88,163,196) #0058A3C4 srgba(0,88,163,0.768627)
         1: (  0, 88,163,181) #0058A3B5 srgba(0,88,163,0.709804)
         1: (  0, 88,163,165) #0058A3A5 srgba(0,88,163,0.647059)
         1: (  0, 88,163,151) #0058A397 srgba(0,88,163,0.592157)
         1: (  0, 88,163,134) #0058A386 srgba(0,88,163,0.52549)
         1: (  0, 88,163, 50) #0058A332 srgba(0,88,163,0.196078)
         1: (  0, 88,163, 40) #0058A328 srgba(0,88,163,0.156863)
         1: (  0, 88,163,  5) #0058A305 srgba(0,88,163,0.0196078)
         1: (  0, 92,165,  1) #005CA501 srgba(0,92,165,0.00392157)
         1: (  0,132, 29,  6) #00841D06 srgba(0,132,29,0.0235294)
         1: (  0,145, 53,  1) #00913501 srgba(0,145,53,0.00392157)
         6: (  0,148, 59,255) #00943BFF srgba(0,148,59,1)
         1: (  0,148, 59,  0) #00943B00 srgba(0,148,59,0)
         3: (  0,149, 59,255) #00953BFF srgba(0,149,59,1)
         4: (  0,149, 60,255) #00953CFF srgba(0,149,60,1)
         1: (  0,149, 60,182) #00953CB6 srgba(0,149,60,0.713725)
         1: (  0,149, 60,166) #00953CA6 srgba(0,149,60,0.65098)
         3: (  0,149, 61,255) #00953DFF srgba(0,149,61,1)
         4: (  0,150, 61,255) #00963DFF srgba(0,150,61,1)
       408: (  0,150, 62,255) #00963EFF srgba(0,150,62,1)
        35: (  0,150, 62,  0) #00963E00 srgba(0,150,62,0)
        17: (  0,150, 62,  1) #00963E01 srgba(0,150,62,0.00392157)
        15: (  0,150, 62,166) #00963EA6 srgba(0,150,62,0.65098)
        11: (  0,150, 62,182) #00963EB6 srgba(0,150,62,0.713725)
        11: (  0,150, 62,  6) #00963E06 srgba(0,150,62,0.0235294)
         2: (  0,150, 62,254) #00963EFE srgba(0,150,62,0.996078)
         1: (  0,150, 62,205) #00963ECD srgba(0,150,62,0.803922)
         1: (  0,150, 62,196) #00963EC4 srgba(0,150,62,0.768627)
         1: (  0,150, 62,181) #00963EB5 srgba(0,150,62,0.709804)
         1: (  0,150, 62,165) #00963EA5 srgba(0,150,62,0.647059)
         1: (  0,150, 62,151) #00963E97 srgba(0,150,62,0.592157)
         1: (  0,150, 62,134) #00963E86 srgba(0,150,62,0.52549)
         1: (  0,150, 62, 50) #00963E32 srgba(0,150,62,0.196078)
         1: (  0,150, 62, 40) #00963E28 srgba(0,150,62,0.156863)
         1: (  0,150, 62,  5) #00963E05 srgba(0,150,62,0.0196078)
         1: (  0,151, 64,  6) #00974006 srgba(0,151,64,0.0235294)
         1: (  1,149, 61,255) #01953DFF srgba(1,149,61,1)
         1: (  1,150, 61,255) #01963DFF srgba(1,150,61,1)
         2: (  2, 88,163,255) #0258A3FF srgba(2,88,163,1)
         1: (  2, 88,163,254) #0258A3FE srgba(2,88,163,0.996078)
         1: (  2,150, 62,255) #02963EFF srgba(2,150,62,1)
         1: (  3, 89,163,254) #0359A3FE srgba(3,89,163,0.996078)
         1: (  3,151, 63,254) #03973FFE srgba(3,151,63,0.996078)
         1: (  4,152, 65,  0) #04984100 srgba(4,152,65,0)
         1: (  6,152, 65,255) #069841FF srgba(6,152,65,1)
         1: (  7, 92,165,181) #075CA5B5 srgba(7,92,165,0.709804)
         1: (  7,152, 66,254) #079842FE srgba(7,152,66,0.996078)
         1: (  9,153, 67,254) #099943FE srgba(9,153,67,0.996078)
         1: ( 10,154, 69,254) #0A9A45FE srgba(10,154,69,0.996078)
         2: ( 11, 95,167,254) #0B5FA7FE srgba(11,95,167,0.996078)
         1: ( 12,155, 71,255) #0C9B47FF srgba(12,155,71,1)
         1: ( 14, 96,168,254) #0E60A8FE srgba(14,96,168,0.996078)
         1: ( 15, 97,168,253) #0F61A8FD srgba(15,97,168,0.992157)
         1: ( 15,156, 73,254) #0F9C49FE srgba(15,156,73,0.996078)
         1: ( 17,156, 74,254) #119C4AFE srgba(17,156,74,0.996078)
         1: ( 18,157, 76,254) #129D4CFE srgba(18,157,76,0.996078)
         1: ( 19,101,170,  0) #1365AA00 srgba(19,101,170,0)
         1: ( 21,102,171,  0) #1566AB00 srgba(21,102,171,0)
         1: ( 22,102,171,253) #1666ABFD srgba(22,102,171,0.992157)
         1: ( 24,104,172,250) #1868ACFA srgba(24,104,172,0.980392)
         1: ( 25,104,172,253) #1968ACFD srgba(25,104,172,0.992157)
         1: ( 26,161, 82,253) #1AA152FD srgba(26,161,82,0.992157)
         1: ( 29,107,174,250) #1D6BAEFA srgba(29,107,174,0.980392)
         1: ( 30,162, 84,253) #1EA254FD srgba(30,162,84,0.992157)
         1: ( 31,109,175,  6) #1F6DAF06 srgba(31,109,175,0.0235294)
         1: ( 35,111,176,253) #236FB0FD srgba(35,111,176,0.992157)
         1: ( 36,165, 90,180) #24A55AB4 srgba(36,165,90,0.705882)
         1: ( 37,112,176,253) #2570B0FD srgba(37,112,176,0.992157)
         1: ( 37,165, 90,253) #25A55AFD srgba(37,165,90,0.992157)
         1: ( 39,113,177,249) #2771B1F9 srgba(39,113,177,0.976471)
         1: ( 40,114,177,253) #2872B1FD srgba(40,114,177,0.992157)
         1: ( 45,118,179,253) #2D76B3FD srgba(45,118,179,0.992157)
         1: ( 49,120,181,164) #3178B5A4 srgba(49,120,181,0.643137)
         1: ( 50,121,181,252) #3279B5FC srgba(50,121,181,0.988235)
         1: ( 51,121,181,253) #3379B5FD srgba(51,121,181,0.992157)
         1: ( 55,173,104,253) #37AD68FD srgba(55,173,104,0.992157)
         1: ( 56,173,105,253) #38AD69FD srgba(56,173,105,0.992157)
         1: ( 57,174,105,164) #39AE69A4 srgba(57,174,105,0.643137)
         1: ( 58,126,184,250) #3A7EB8FA srgba(58,126,184,0.980392)
         1: ( 59,174,107,252) #3BAE6BFC srgba(59,174,107,0.988235)
         1: ( 66,177,112,253) #42B170FD srgba(66,177,112,0.992157)
         2: ( 72,180,117,252) #48B475FC srgba(72,180,117,0.988235)
         1: ( 73,180,117,254) #49B475FE srgba(73,180,117,0.996078)
         1: ( 75,137,190,252) #4B89BEFC srgba(75,137,190,0.988235)
         1: ( 79,183,122,252) #4FB77AFC srgba(79,183,122,0.988235)
         1: ( 86,145,194,252) #5691C2FC srgba(86,145,194,0.988235)
         1: ( 87,145,194,255) #5791C2FF srgba(87,145,194,1)
         1: ( 90,147,195,249) #5A93C3F9 srgba(90,147,195,0.976471)
         1: ( 94,189,133,  0) #5EBD8500 srgba(94,189,133,0)
         1: (105,157,201,  1) #699DC901 srgba(105,157,201,0.00392157)
         1: (105,193,141,252) #69C18DFC srgba(105,193,141,0.988235)
         1: (111,196,146,252) #6FC492FC srgba(111,196,146,0.988235)
         1: (112,196,147,252) #70C493FC srgba(112,196,147,0.988235)
         1: (113,197,148,252) #71C594FC srgba(113,197,148,0.988235)
         1: (118,165,205,250) #76A5CDFA srgba(118,165,205,0.980392)
         1: (118,165,206,252) #76A5CEFC srgba(118,165,206,0.988235)
         1: (121,167,207,252) #79A7CFFC srgba(121,167,207,0.988235)
         1: (131,204,161,252) #83CCA1FC srgba(131,204,161,0.988235)
         1: (132,174,211,255) #84AED3FF srgba(132,174,211,1)
         1: (135,176,212,252) #87B0D4FC srgba(135,176,212,0.988235)
         1: (136,206,165,  5) #88CEA505 srgba(136,206,165,0.0196078)
         1: (145,210,172,255) #91D2ACFF srgba(145,210,172,1)
         1: (145,210,172,252) #91D2ACFC srgba(145,210,172,0.988235)
         1: (149,186,217,249) #95BAD9F9 srgba(149,186,217,0.976471)
         1: (149,212,175,252) #95D4AFFC srgba(149,212,175,0.988235)
         1: (156,214,180,252) #9CD6B4FC srgba(156,214,180,0.988235)
         1: (169,220,190,252) #A9DCBEFC srgba(169,220,190,0.988235)
         1: (170,200,224,252) #AAC8E0FC srgba(170,200,224,0.988235)
         1: (173,221,193,252) #ADDDC1FC srgba(173,221,193,0.988235)
         1: (174,202,226,179) #AECAE2B3 srgba(174,202,226,0.701961)
         1: (178,223,197,  0) #B2DFC500 srgba(178,223,197,0)
         1: (180,224,198,255) #B4E0C6FF srgba(180,224,198,1)
         1: (181,206,228,252) #B5CEE4FC srgba(181,206,228,0.988235)
         1: (186,227,203,252) #BAE3CBFC srgba(186,227,203,0.988235)
         1: (188,228,204,252) #BCE4CCFC srgba(188,228,204,0.988235)
         1: (192,214,232,252) #C0D6E8FC srgba(192,214,232,0.988235)
         1: (196,216,234,251) #C4D8EAFB srgba(196,216,234,0.984314)
         1: (198,231,212,252) #C6E7D4FC srgba(198,231,212,0.988235)
         1: (202,221,236,253) #CADDECFD srgba(202,221,236,0.992157)
         1: (205,235,217,253) #CDEBD9FD srgba(205,235,217,0.992157)
         1: (209,225,238,253) #D1E1EEFD srgba(209,225,238,0.992157)
         1: (212,227,239,  0) #D4E3EF00 srgba(212,227,239,0)
         1: (213,228,240,  0) #D5E4F000 srgba(213,228,240,0)
         1: (214,228,240,251) #D6E4F0FB srgba(214,228,240,0.984314)
         1: (218,240,227,253) #DAF0E3FD srgba(218,240,227,0.992157)
         1: (221,233,243,249) #DDE9F3F9 srgba(221,233,243,0.976471)
         1: (221,241,229,180) #DDF1E5B4 srgba(221,241,229,0.705882)
         1: (226,236,245,253) #E2ECF5FD srgba(226,236,245,0.992157)
         1: (226,236,245,250) #E2ECF5FA srgba(226,236,245,0.980392)
         1: (229,238,245,253) #E5EEF5FD srgba(229,238,245,0.992157)
         1: (230,239,246,253) #E6EFF6FD srgba(230,239,246,0.992157)
         2: (230,245,236,253) #E6F5ECFD srgba(230,245,236,0.992157)
         1: (232,245,238,253) #E8F5EEFD srgba(232,245,238,0.992157)
         1: (234,241,247,251) #EAF1F7FB srgba(234,241,247,0.984314)
         1: (236,243,248,164) #ECF3F8A4 srgba(236,243,248,0.643137)
         1: (237,243,248,254) #EDF3F8FE srgba(237,243,248,0.996078)
         1: (238,244,249,254) #EEF4F9FE srgba(238,244,249,0.996078)
         1: (240,245,250,254) #F0F5FAFE srgba(240,245,250,0.996078)
         1: (241,249,244,164) #F1F9F4A4 srgba(241,249,244,0.643137)
         1: (242,250,245,254) #F2FAF5FE srgba(242,250,245,0.996078)
         2: (243,250,246,254) #F3FAF6FE srgba(243,250,246,0.996078)
         1: (244,248,251,252) #F4F8FBFC srgba(244,248,251,0.988235)
         1: (247,250,252,254) #F7FAFCFE srgba(247,250,252,0.996078)
         2: (247,252,249,254) #F7FCF9FE srgba(247,252,249,0.996078)
         1: (248,250,252,255) #F8FAFCFF srgba(248,250,252,1)
         1: (248,252,250,254) #F8FCFAFE srgba(248,252,250,0.996078)
         1: (250,253,251,254) #FAFDFBFE srgba(250,253,251,0.996078)
         1: (251,252,254,254) #FBFCFEFE srgba(251,252,254,0.996078)
         1: (251,253,252,254) #FBFDFCFE srgba(251,253,252,0.996078)
         1: (251,253,254,253) #FBFDFEFD srgba(251,253,254,0.992157)
         1: (252,254,253,255) #FCFEFDFF srgba(252,254,253,1)
         1: (253,254,253,254) #FDFEFDFE srgba(253,254,253,0.996078)
         2: (253,254,254,255) #FDFEFEFF srgba(253,254,254,1)
         1: (254,255,255,255) #FEFFFFFF srgba(254,255,255,1)
        99: (255,255,255,255) #FFFFFFFF white
         8: (255,255,255,  0) #FFFFFF00 srgba(255,255,255,0)
         5: (255,255,255,  1) #FFFFFF01 srgba(255,255,255,0.00392157)
         4: (255,255,255,181) #FFFFFFB5 srgba(255,255,255,0.709804)
         4: (255,255,255,  5) #FFFFFF05 srgba(255,255,255,0.0196078)
         2: (255,255,255,165) #FFFFFFA5 srgba(255,255,255,0.647059)
         1: (255,255,255,254) #FFFFFFFE srgba(255,255,255,0.996078)
         1: (255,255,255,164) #FFFFFFA4 srgba(255,255,255,0.643137)
         1: (255,255,255,  6) #FFFFFF06 srgba(255,255,255,0.0235294)
